1500 413 -535 -119 22 36 -5 -12 3
65 1223 -530 -14 -136 52 2 2 0
260 -387 800 49 14 -103 -13 4 4
429 726 462 -36 -36 -19 0 -6 -4
1705 -165 1331 -134 9 -104 -3 0 -3
341 693 -473 -28 9 -18 0 -13 10
2816 -2250 1464 -91 41 149 -4 6 -20
-1237 -1704 -531 47 125 35 1 -4 -1
-4828 -171 -447 86 8 -24 13 0 4
2553 3286 -5524 -128 45 41 3 -9 8
1065 8038 -3700 1 -87 17 -2 -10 6
1081 -4698 860 50 113 -43 -5 2 1
-4103 102 -7540 47 -37 137 5 2 6
2985 -3162 1516 40 65 -47 -8 2 0
8089 4886 -2404 -4 28 26 -15 -11 3
-188 492 143 29 78 -27 -2 -13 2
1556 2084 1247 -97 -115 -45 0 -2 -4
220 -404 -1241 -39 -2 0 3 3 9
-948 908 751 102 -16 -99 -5 -5 6
676 -2628 -1641 -8 52 59 -4 13 5
-1636 -204 2167 77 11 -77 3 0 -7
-92 -212 615 23 -65 37 -2 9 -9
660 1700 -1217 -75 -40 41 4 -8 4
2428 -284 1007 -143 -35 -30 -1 6 -4
2516 -3412 -577 -4 101 1 -18 13 4
-1551 -1873 -3487 29 -15 -125 1 4 13
-276 3805 -2229 -61 98 13 4 -12 3
-752 5811 1239 -12 -66 -19 2 -6 -1
-6736 1782 -13636 24 70 156 10 -7 14
1169 -819 2123 124 -81 -45 -9 6 -1
31 -1310 -640 -8 167 15 0 -9 6
-1895 -1544 878 68 76 -53 13 8 -3
2382 126 1908 -112 -6 8 1 0 -7
18 -3462 288 -1 81 13 0 5 -2
-1958 317 -1998 173 40 64 -7 -6 4
-818 507 -136 13 140 -14 3 -17 2
3362 -640 -138 -32 44 18 -16 -1 -1
50 -1351 303 -19 17 22 2 6 -4
896 -244 -2424 -123 -16 31 8 3 11
50 197 726 0 -12 8 0 0 -5
698 -2431 2949 2 77 -144 -4 6 -2
-202 -226 -21 14 97 -17 0 -9 2
-1363 998 168 50 -47 1 3 -1 -1
2039 476 1554 -101 115 0 -1 -15 -9
-2992 1664 -2190 150 -27 113 2 -7 1
-4132 2004 373 47 -37 18 11 -4 -3
-1694 2004 -2433 37 -97 68 3 1 3
-1326 -2320 -1835 33 103 78 2 0 0
-1027 1682 1247 -40 -47 -116 7 -2 5
-337 2234 534 14 -47 -1 0 -4 -2
2745 3016 -202 -24 -81 -29 -8 -4 3
-1343 -3402 1983 99 84 -43 -2 13 -8
-272 1460 1303 -72 -31 -111 10 -6 4
1377 -2348 130 -52 67 21 -3 8 -3
2482 1409 1371 -135 -100 -7 -1 2 -8
136 -3334 -2879 -15 134 108 1 7 7
-2754 -614 -873 74 1 -55 10 4 12
136 950 -431 -6 17 27 0 -8 0
272 -1940 -1502 -5 142 45 -1 -3 5
952 -1532 -2743 -54 -26 118 0 13 5
646 4570 -4911 -54 -65 -31 2 -4 10
-7837 3193 -5948 73 -77 17 9 -1 9
1666 3686 6547 21 -109 -53 -4 0 -8
-1731 -1228 580 163 24 -58 2 18 0
399 422 -2410 -6 -42 197 -6 0 8
7537 -5727 -3546 -129 57 14 -12 12 9
-6802 2710 -6328 58 -11 67 15 -7 13
-2616 -3153 1771 32 120 -15 5 0 -4
1804 1046 5307 -84 -55 -70 1 1 -10
2233 -2321 445 -60 61 -18 -2 2 0
2193 -2574 -5336 -77 45 38 1 1 5
3090 1248 319 80 -33 13 -8 0 -1
4299 -1209 -8807 -111 -70 47 0 5 9
6288 -1092 -227 18 7 47 -9 1 -2
-6426 -4992 -1943 84 -53 111 4 9 -3
-5880 -10491 -4751 90 48 63 3 11 3
6210 -8463 670 -80 76 -176 -4 7 8
384 -1868 1875 -17 72 -18 0 0 -4
5376 -672 913 -47 -1 -35 -12 2 0
4856 4489 783 -27 -24 -57 -12 -11 2
-3100 1070 -946 -18 13 23 10 -4 1
-786 -5534 1420 1 132 -41 2 6 -1
2659 -2297 692 -91 21 95 -1 5 -9
-1514 -724 -2584 -79 1 -22 10 2 9
1426 -304 32 -145 -39 32 7 5 -3
1526 2846 -738 -129 -186 81 5 4 -4
356 -114 -2458 -18 -17 41 0 2 8
-719 -741 -2568 47 35 55 -1 0 6
1003 -342 3144 86 16 -30 -12 0 -11
1276 897 -2631 -59 -21 -8 0 -2 12
-1244 -426 -2862 39 97 69 2 -7 6
-530 708 603 -17 -56 -85 4 2 5
-2882 2724 -3114 -15 -20 81 14 -10 6
4552 -1035 624 -61 82 35 -14 -3 -6
2809 1317 -783 -33 -74 -41 -9 1 7
3229 1464 3417 -119 -81 -153 -3 1 -1
1321 1115 5088 62 70 -117 -8 -8 -5
3319 -2611 3711 -96 26 -80 -2 5 -4
916 -316 -744 7 -59 -41 -3 5 5
376 3302 -2526 -71 45 -87 4 -12 13
889 -181 687 -76 6 32 3 0 -4
-2594 -964 1281 -73 91 52 12 -4 -7
1240 3707 -5496 37 16 23 -6 -11 13
-3026 -2017 -4227 -29 60 -80 10 1 17
-5056 959 3746 34 -37 -136 13 0 -1
-7106 -3941 1596 77 3 -63 16 12 0
2194 -591 -3679 -48 25 31 -3 0 9
-2281 284 4771 131 -23 -47 -3 1 -11
5469 1859 -4929 -166 5 133 -4 -6 5
2194 3084 -1279 -100 -122 26 1 0 2
-3781 -1991 2496 61 42 -8 7 3 -7
-4606 -1641 6321 146 54 -70 3 1 -14
5994 2959 -3779 -148 -65 61 -7 -4 7
-1372 142 2651 63 -130 -5 0 11 -11
3101 -2693 3428 -51 115 -42 -9 1 -11
4382 3901 -1213 -167 -166 36 -4 -2 2
1862 -2084 3743 -80 130 -90 -1 -3 -8
-395 -2026 -944 -2 132 -47 2 -3 9
-2675 554 -1744 28 -18 -28 10 -1 11
-1595 -5756 -104 163 119 37 -8 16 -3
-1795 2784 2936 -16 70 -52 10 -20 -9
-1135 -86 166 14 56 13 4 -5 -2
-3989 -76 -5091 30 65 138 11 -5 6
415 -892 1581 34 -1 135 -4 3 -16
-365 -28 -3327 179 -137 77 -13 11 5
2623 3740 -5691 -8 -94 38 -8 -5 16
-497 3020 -2283 -53 -14 96 6 -9 0
403 -904 1737 22 -13 66 -3 4 -11
1195 1460 489 -61 -74 -107 1 1 7
-2009 104 1245 35 145 24 4 -12 -6
-1493 1808 -5115 101 -76 89 -3 0 10
7013 6579 -435 60 -101 -18 -18 -7 2
-3403 -2597 3595 76 19 -100 2 4 -1
-2659 1216 -3752 -28 -136 -39 7 6 10
3200 -4240 2789 -41 136 6 -4 0 -6
3262 -5852 -3690 -75 28 55 -2 10 4
-6503 1836 1487 112 -12 16 6 -3 -4
-3589 8687 1859 98 -57 36 1 -14 -6
7381 -1966 -607 -29 67 22 -15 0 0
595 1659 379 25 77 33 -3 -9 -3
1717 347 26 -92 -79 34 -6 7 -5
-1611 659 2184 143 -40 -160 -3 -2 -1
599 958 988 -41 -84 -68 -1 1 -1
469 438 1638 -59 -72 -20 3 5 -15
1457 -2175 962 -142 122 -31 4 6 -6
-2131 -4 299 134 32 -106 4 -5 12
-1013 -563 1677 -29 -37 -86 15 11 -6
-1312 -563 -871 22 -23 68 11 9 0
677 1504 1495 -82 -126 -44 4 1 -10
-401 -354 -103 54 101 -37 -3 -12 8
787 -1531 -257 -90 70 31 3 11 -1
83 405 -4 -26 -40 8 3 0 -1
-654 1032 -598 -43 -73 -10 17 -4 11
160 273 491 45 50 -49 -10 -13 1
72 -2 -895 83 9 83 -15 -2 0
-797 -1311 -631 60 26 89 2 15 -5
1045 -1354 502 -56 11 -67 0 6 4
-1691 2294 1737 28 -101 38 6 -2 -13
1847 521 -3642 0 -89 36 -5 5 7
1307 1682 30 -78 -90 40 2 2 -3
5411 5192 -5181 -20 -94 -47 -13 -7 17
-1015 -3583 651 36 105 -25 0 2 0
-1196 -512 -1809 89 -65 105 0 15 5
-91 125 102 -24 40 28 4 -7 -5
-1495 996 453 77 -41 -55 5 -5 3
-299 -1500 -1042 -43 123 -17 9 -1 14
1651 -1448 453 -32 -14 -55 -14 18 3
-520 -668 -1289 -19 10 86 8 6 2
-728 632 635 158 -27 -55 -15 -3 1
0 671 1103 18 -93 -84 -3 6 0
-975 1126 869 65 -37 -157 1 -7 13
-6957 4124 -167 90 -6 95 10 -9 -6
-1592 180 4560 10 -80 37 3 5 -13
1482 4849 906 -36 29 -47 -1 -13 1
-1360 -690 732 -103 10 4 10 1 -2
-4811 -5011 471 31 -21 -17 9 13 0
-8262 586 4647 195 56 -101 6 -5 -4
-5594 10214 2588 148 -66 0 3 -19 -6
10593 874 -5911 -83 109 43 -14 -8 8
1419 -9455 -6637 161 133 48 -12 9 9
-3333 280 128 33 25 -21 4 -2 1
-3069 -8300 722 8 13 -39 5 14 1
5973 2029 -3469 -113 40 20 -4 -6 5
-667 2909 -4429 21 -20 -131 0 -5 18
758 1919 5456 20 44 -11 -3 -7 -11
5818 2323 4262 -79 -70 -68 -16 -3 -11
417 -823 -875 -52 -65 39 3 9 0
-2179 -1098 5648 20 28 -131 7 2 -11
681 -944 -523 5 21 0 -3 2 2
-1387 -614 2832 84 -69 -62 -2 8 -5
-628 -1672 3200 39 13 -66 -1 5 -6
522 -3466 49 -59 55 -13 3 8 1
-2537 2146 -227 -34 51 47 12 -12 -3
-582 1295 739 -47 -32 -67 6 -2 3
-610 2649 -2932 -30 8 52 5 -11 7
2525 -607 -3460 0 -51 76 -10 7 7
-577 790 819 -43 -34 -38 6 0 0
3020 2363 -105 35 -48 27 -15 -5 -2
292 163 368 21 52 -29 -3 -5 1
1436 691 -3196 -31 -110 64 -3 7 7
-2007 1439 2766 91 63 46 0 -11 -15
-71 -1146 -2965 26 77 42 -2 -2 8
-3646 2451 -336 85 63 -20 7 -15 3
-730 -1186 2066 -2 27 -64 5 5 -6
3503 -1679 77 -107 74 -1 -11 3 0
2007 -2053 -1368 -10 168 66 -12 -5 2
-543 -387 570 68 -92 33 -4 13 -7
-203 378 2763 30 -128 -96 -2 12 -7
-560 2758 3647 33 -97 -121 0 -7 -10
-577 38 -280 43 -54 -25 -1 6 5
-3161 -802 -1532 86 26 29 6 1 4
-1565 -1096 2731 43 84 -119 3 -3 -1
-158 395 295 9 13 -25 0 -3 1
-1376 143 6469 -32 -96 -154 9 8 -14
73 4238 1513 -13 -159 -39 1 -4 -3
73 1592 1891 9 -121 53 -1 4 -13
703 -2314 1282 -32 -23 -105 0 12 4
-2888 -3826 -2603 29 -6 14 10 17 10
-956 -1789 3361 25 62 -39 2 2 -11
4714 -1600 1345 -3 119 2 -20 -4 -6
-341 -1584 886 9 82 2 1 0 -5
1027 -3104 -1508 -103 72 88 5 9 -1
628 12 1760 58 38 -144 -9 -4 5
-4084 1342 1000 116 -52 56 10 -2 -11
1388 1418 1817 38 -6 -107 -11 -7 1
1654 487 -4453 -66 -87 53 -2 6 18
632 -186 -1501 -10 45 26 -3 -4 7
-1204 -662 -753 71 -44 144 0 9 -11
-1051 1174 -566 -1 37 -2 7 -12 4
1975 1548 -2657 -17 -75 94 -11 -2 7
-3040 1548 -532 80 -75 -13 11 -2 5
-2037 -3416 -1705 48 172 47 8 3 6
1397 2721 233 -91 -99 59 1 -7 -8
-727 94 -946 24 -36 94 0 2 -4
1328 6919 -7711 -29 -93 180 -1 -9 5
4628 -191 -2656 -77 51 -4 -5 -3 6
4808 5914 614 10 18 -20 -11 -14 0
668 -8816 2699 -131 137 -74 7 10 -1
2978 -101 -721 9 -14 -84 -7 1 7
413 3334 1529 -45 73 58 2 -12 -7
-3442 -56 6539 68 0 -140 3 0 -5
1039 1335 128 -56 -75 -89 0 0 9
1174 2631 1478 -73 -90 -12 1 -6 -7
31 -1257 803 -95 -7 -3 10 8 -4
958 -1167 1613 53 140 -86 -11 -8 0
-1049 1335 839 41 -113 -81 2 4 4
-2219 -141 -295 30 7 134 10 0 -12
-1967 2550 2585 54 0 -45 6 -15 -10
-891 -3575 2084 62 43 -121 -2 7 3
-293 1326 -1465 93 -51 -79 -6 0 10
3698 -2262 -2687 -74 33 -32 -5 4 10
162 3224 -3896 89 -16 55 -7 -8 7
-3556 -611 -2219 151 -44 85 -1 5 0
1202 -1443 -5092 -32 69 128 -1 -1 5
6168 -1261 1967 -88 62 5 -11 -1 -6
-8173 10133 282 170 -53 9 4 -14 -1
-4688 -2923 333 155 -54 -10 -1 8 0
-4263 6393 2390 55 -48 -18 4 -8 -3
-472 1259 12743 31 68 -95 -1 -6 -16
-2308 -9910 2645 50 -6 -8 1 17 -4
-2002 -8346 11910 -29 -52 -53 5 17 -17
-489 -6459 -398 119 85 99 -6 6 -5
2418 -1512 -10785 51 -8 2 -7 3 18
-3226 -7547 4940 7 117 -58 5 6 -5
-1883 -2362 1829 -50 52 -54 6 1 0
-104 -2146 -706 -47 82 78 6 5 -4
-3300 149 1538 -3 19 -36 22 -3 -6
865 2121 -1335 -59 -115 -56 1 -1 15
491 -2350 -145 -37 13 117 1 14 -12
-2042 2835 892 157 -67 -16 -4 -11 -4
259 -985 2750 -92 -12 -33 7 5 -8
798 1072 2783 56 -2 -23 -8 -4 -9
-4691 225 1276 41 2 -35 15 -1 -2
2125 2739 2007 -41 -42 -41 -1 -2 -1
-885 -3946 -5588 45 41 -22 -1 4 10
4085 6519 -1808 -115 12 -40 0 -11 5
-2999 -2892 7364 61 -50 -88 3 10 -11
7731 2937 -31 -84 -56 47 -12 -3 -3
-911 -4110 2782 4 67 -5 2 5 -6
-4217 2328 839 -17 -80 -88 11 0 4
-1491 -340 2115 84 -138 -12 -2 10 -4
5092 2966 2376 22 -72 -126 -13 -2 3
-1250 -4251 -7477 -64 15 41 5 5 8
4792 5743 2707 11 -53 -71 -7 -5 0
-6703 -2826 -2100 21 -3 -81 8 4 7
-4032 -444 5776 55 -6 -144 10 2 -9
-3204 177 -1147 79 51 -59 5 -5 9
3305 -2054 141 -60 40 -7 -7 4 0
890 3581 3637 -15 -25 -135 -2 -11 -2
1842 1039 -3622 -84 -48 28 0 0 12
1886 775 -3303 29 -13 25 -10 -2 11
2898 3558 1548 -109 -59 0 -2 -9 -6
632 -644 1779 -52 86 -91 2 -5 1
-358 -1260 2505 -53 -24 -55 6 7 -5
1578 1567 3572 -3 -72 -23 -6 0 -12
-3614 -347 3033 141 15 13 2 0 -13
1105 -6221 129 -39 167 30 -1 10 -3
5076 2315 -311 -139 -106 -65 -8 0 7
2727 -1894 -1187 -64 98 42 -8 0 2
-579 6 -3543 -20 -12 166 5 1 2
2404 709 -1890 3 61 -61 -13 -10 16
1150 -602 390 -51 20 -31 -1 1 1
143 -1704 1701 42 138 -60 -5 -5 -3
2708 -1381 694 17 1 -17 -16 7 -2
979 -1039 -3391 -62 83 118 1 -3 6
2622 993 1733 -122 -103 -97 -1 5 1
312 -1597 2523 4 -26 -42 -2 10 -8
-538 -2877 -517 -27 59 -16 5 8 4
-1462 -3479 -1080 78 157 0 1 5 7
425 -725 433 30 67 -71 -6 -3 5
-1972 -1864 586 126 8 10 -1 11 -5
-1513 -1575 620 -9 18 -37 11 8 0
-119 873 -2491 26 -18 110 -2 -4 4
748 652 518 -61 22 -40 2 -7 1
2584 -2646 -859 -115 54 104 -4 11 -6
-221 -1116 -2304 86 72 117 -8 -1 2
3757 108 -26 -94 -72 82 -14 7 -9
-455 484 -1995 -55 68 32 6 -7 4
3073 -1724 -2607 -152 85 20 2 -1 7
-7043 -5420 5289 82 89 -84 17 11 -11
3505 1096 513 -170 -45 -85 2 0 5
-431 -920 -987 44 64 115 -2 -2 -6
-8771 2980 -723 179 -86 104 15 -3 -6
-923 1264 561 -98 48 -87 11 -8 5
-11 1792 -2019 39 -49 33 -3 -2 4
-435 1273 -382 -7 -121 -13 6 3 6
-461 571 411 37 17 -67 0 -9 5
1034 1481 255 -50 -102 64 -4 -2 -12
1109 -1211 -3947 -98 -108 -91 4 11 17
920 895 -3731 49 -18 -71 -6 -1 15
-1672 -185 -2813 -65 50 -63 9 -3 12
-4291 -4721 454 -38 36 -2 14 10 -1
3512 2596 -329 -103 -95 55 -2 0 -3
2162 -2642 1885 -193 71 57 8 2 -9
2438 -3105 2240 -85 122 13 0 -1 -6
-2086 723 4154 -34 110 -38 7 -9 -7
3424 4377 -1298 -59 -31 -45 -4 -8 6
550 -910 -2884 60 11 -17 -8 3 14
1264 1022 203 -139 -92 -54 7 4 4
1306 2576 1589 -20 -78 12 -4 -4 -8
1474 917 -28 5 1 155 -7 -4 -14
-605 1967 1379 -17 -115 -110 4 2 4
-2999 707 1316 163 -55 -52 -2 2 -1
-2124 85 1333 -76 97 -1 19 -10 -7
-2865 674 -985 43 -54 -19 11 2 7
-699 845 -4215 -21 -3 121 6 -4 10
1182 -1796 -1308 -30 66 88 -3 3 -2
-53 2080 1884 -75 -48 -100 8 -6 0
1828 -1245 1675 -74 -23 -19 -2 9 -7
1790 2859 3784 38 -109 -110 -13 -4 -9
-3245 1909 1751 143 1 27 3 -10 -12
1279 -4391 -2768 118 19 6 -13 12 8
1079 2259 4932 -4 -91 -68 -3 0 -10
3109 1104 4379 -46 -43 -174 -6 0 0
-1866 -2221 -1021 23 51 16 4 3 2
609 -2071 -3171 41 58 63 -5 2 5
3634 1004 2654 -54 -117 12 -7 6 -9
-716 5304 -171 -10 -94 -31 3 -9 3
4930 -4950 -2256 -35 96 91 -9 5 -1
-928 4214 1891 -28 -40 143 4 -7 -14
1682 1343 1456 -73 59 -82 1 -7 2
5394 -4660 -3677 -186 11 -70 0 10 13
-1740 2184 -1705 -30 -75 12 6 0 3
-2378 2851 -2894 67 -68 -7 1 -2 7
-2728 1792 2081 44 95 -69 3 -10 0
7382 -6773 -4144 -76 24 -32 -11 13 11
-6778 -1613 1556 117 -24 -36 7 5 -1
-1870 806 494 41 -29 -54 5 -1 3
360 946 2374 3 27 -22 -2 -7 -9
-1500 1016 -556 54 -29 72 2 -2 -4
870 696 2034 30 -76 -26 -7 4 -7
-390 -3464 644 -33 69 -51 5 10 2
-1180 1486 -476 17 0 68 4 -7 -4
1224 -754 1267 -14 55 -40 -10 0 -7
-1513 891 147 69 -115 25 5 7 -5
-1289 -292 868 53 97 -34 5 -10 -4
-1951 3305 -2253 -32 -17 79 7 -7 0
2123 -4535 1485 -47 31 47 -2 9 -7
-1237 3067 -6145 -14 -110 44 4 0 12
-2287 -1931 -111 9 170 46 5 -7 -3
-2940 427 -2488 53 -30 21 3 1 4
-4140 -203 4397 62 53 -7 5 -3 -9
-3240 -938 -3928 125 0 100 -1 2 2
4020 1147 -4738 -55 8 65 -5 -3 6
-1888 1962 -3057 -10 99 90 5 -11 1
838 1237 2279 -89 94 -109 4 -9 2
7044 -1547 1728 -153 70 -60 -6 -1 0
-3976 -1402 -1230 152 -10 -63 -1 4 7
-5484 -3461 -3840 69 136 117 8 -1 1
-1685 -4911 -4942 -2 81 170 4 6 0
-5861 831 5730 7 48 -3 13 -5 -13
2868 628 1148 -99 25 65 0 -3 -7
-1308 -4766 -4652 0 61 40 3 7 8
-1917 -1721 1699 -9 -59 -59 5 8 0
4897 -13852 5050 14 -6 -29 -7 18 -5
-836 -1606 -6416 41 -20 -35 -1 3 10
-9338 5648 -9068 -1 -6 73 12 -7 8
-7778 -9679 -2360 39 47 81 8 10 -1
7978 11537 6649 -25 -57 -30 -9 -12 -7
-8870 -3517 3022 -73 -71 63 15 8 -7
334 9821 682 51 67 -117 -3 -16 5
-378 289 -2545 -115 19 22 12 -3 9
672 184 2159 -66 123 -81 3 -12 -2
-2583 2620 -4456 23 7 58 9 -12 14
4662 1507 500 -135 -17 -57 -8 -5 3
-1533 2536 1403 39 -66 43 3 -5 -10
714 919 122 -68 -66 -39 3 2 3
21 -2588 -3931 53 -31 154 -5 14 3
1575 1255 1655 -65 -60 42 -1 0 -11
-2961 -404 -2818 184 30 101 -4 -1 3
-2961 1465 -3280 52 51 -9 8 -11 15
446 81 -335 -29 -42 -22 -2 6 8
193 510 -720 -6 -87 31 -2 7 5
-214 -2196 853 7 141 -28 2 10 -9
-49 48 -984 10 -21 1 -1 3 14
-1237 719 -621 82 -10 4 5 -9 8
-104 1709 171 63 -136 -50 -9 -3 5
611 -513 -1215 -38 0 82 -3 8 4
-1138 -1954 -742 1 125 21 17 9 7
1227 587 -841 -82 2 6 -5 -9 11
820 -1019 1414 -93 76 -109 3 3 -4
-2978 8304 -1519 30 -106 -23 5 -12 5
-2137 -889 5441 106 -74 -38 -2 7 -10
-629 5259 -533 69 -61 78 -3 -8 -4
10318 3176 -4795 -111 31 89 -11 -7 3
3246 4315 -2262 -78 -55 67 -1 -4 0
-2381 5199 2872 35 -11 126 2 -8 -12
6051 -6140 -2381 -38 60 -122 -8 7 11
-1925 445 1736 31 -85 -133 7 6 4
1571 -1683 3617 -43 57 -62 -4 3 -13
184 2003 -734 10 -97 -63 -2 -1 10
-1583 -3070 368 63 150 -1 2 1 -2
2255 -1550 1527 -79 -110 -72 -4 19 -1
-595 65 3256 51 -5 -203 -2 0 3
-766 2839 -1580 -35 -67 29 7 -7 5
-116 -2071 1060 48 63 -19 -4 4 -3
-3386 -2081 -1570 159 11 81 1 9 0
1604 1409 470 25 -48 -42 -10 -2 2
-3586 -511 290 64 6 51 11 2 -6
-596 429 -3420 -12 -20 58 4 0 11
704 539 1230 70 -78 -59 -10 5 0
3944 -4401 1840 -113 148 -16 -8 7 -7
-456 3089 1380 65 -69 7 -4 -8 -7
1714 1789 -780 -96 59 -53 1 -14 9
1943 -411 2163 0 20 -14 -16 1 -16
98 -1566 603 11 49 74 -2 7 -14
-502 -2541 -342 3 82 -95 4 11 15
263 -291 1473 72 12 -112 -11 1 2
1688 -381 -567 -143 -22 -40 4 6 10
-682 519 2883 23 -10 -118 3 -3 -9
383 744 -72 8 -1 79 -4 -6 -9
443 9 168 52 0 71 -10 0 -10
-1387 -2950 -247 115 110 -16 -4 6 3
-730 -1438 -2092 12 83 77 3 0 4
2276 695 -301 -22 -26 44 -11 -1 -3
628 -3534 -2913 -39 -38 186 1 15 -5
-140 1326 603 -107 -28 -23 9 -2 0
1480 -1650 2583 13 71 -43 -6 0 -5
-824 -366 -657 59 -20 -108 -2 3 11
1168 -426 -2625 1 20 74 -4 0 3
-260 2154 2079 -2 0 78 1 -7 -13
-128 2286 3579 55 32 -122 -4 -10 -2
-3812 1686 27 -29 -43 -24 15 -2 2
-33 -807 1257 -20 31 -83 4 4 -2
942 -1249 685 -67 79 -53 0 2 0
-423 -1119 191 -32 -15 -15 10 14 0
2772 -7072 -3749 -53 -94 34 -2 19 5
-3052 3008 5659 -3 -13 -128 6 -5 -3
2980 -11056 -2565 56 80 30 -9 16 3
4676 3696 7083 -162 -51 -90 1 -4 -8
-492 2224 379 82 -71 -62 -4 0 3
3332 -1264 8443 -54 104 -17 -3 -4 -15
-1196 11904 -3445 -28 -126 -25 4 -15 8
244 2096 8779 -7 65 22 0 -8 -18
-1502 113 127 3 -41 -53 12 4 6
-1112 233 -548 65 15 40 1 -4 0
73 -2377 -458 10 -3 42 -2 20 -1
-632 -1537 -188 -31 -3 48 9 13 -4
253 8 1267 14 -2 -57 -4 0 -3
-2342 -1792 517 67 54 1 11 8 -4
-1607 1193 37 2 -81 -103 13 0 13
-3302 -232 -2588 123 6 32 12 1 18
156 -333 2057 58 -71 -52 -6 8 -4
-75 969 -2017 25 -12 10 -2 -3 8
30 -4869 1469 -156 35 -46 14 18 -2
-3204 1200 -2374 86 -100 27 6 4 8
2907 1137 -2815 -18 24 26 -11 -7 10
-278 189 -3099 3 -12 51 1 0 11
-468 930 -2928 43 -21 102 -2 -3 5
-2045 -210 207 -44 -11 -23 15 2 1
596 4369 -420 -113 -42 0 8 -19 2
-829 -96 -1921 -8 13 129 5 -1 -3
2914 -780 1537 -85 29 7 -7 1 -9
667 -850 -181 18 13 -9 -5 3 2
952 404 3961 33 67 -117 -8 -9 -9
-4083 689 3182 58 -38 -36 16 0 -13
3669 2627 1586 -70 -20 -12 -12 -12 -7
1731 -204 -1549 -88 69 63 0 -6 2
-2525 366 1909 16 39 31 12 -6 -13
420 3862 -200 -19 -105 -18 0 -10 3
1256 -1382 -390 -63 61 -8 0 1 3
1284 1741 445 -113 -41 68 4 -8 -11
-780 885 885 -1 -47 -36 6 -1 -2
796 -1587 -731 -74 99 48 3 0 0
1036 -1859 1717 30 -3 -20 -11 14 -10
52 669 325 -2 9 -103 0 -6 10
1724 -2675 -379 -149 99 9 5 8 2
-3652 989 -435 136 -96 4 11 4 3
-660 -427 -1139 119 69 116 -9 -5 -5
-1054 -503 -2618 41 30 114 3 0 6
1594 2001 -10 -31 -16 19 -8 -13 -2
1946 -839 -2250 -121 -34 91 0 10 6
1882 -311 2262 -15 35 -55 -12 -2 -10
1642 1073 206 -51 -77 -54 -6 1 5
2154 817 326 -66 58 32 -8 -13 -6
-1726 2617 1662 100 -80 -43 1 -10 -7
-2662 2545 -130 48 -101 18 14 -7 -1
1799 2271 3676 -122 -39 -86 4 -3 -3
-7371 -5583 2892 133 82 -116 9 8 1
2107 -1761 246 -17 18 51 -4 3 -4
-4627 -1453 2738 122 94 -9 3 -3 -6
917 -1173 2164 69 -32 113 -7 5 -13
-2821 493 -5214 14 39 -15 6 -4 14
-497 3503 -5102 18 -141 126 0 1 4
-5789 1613 2206 149 -30 39 4 -2 -8
1855 -2881 2850 -153 87 -100 6 1 0
-1437 -2510 2378 3 51 -5 6 6 -10
-2256 871 -1654 -24 -33 0 12 -1 7
474 -746 -562 -22 -33 3 0 6 2
-998 -5851 -402 103 189 123 -5 10 -10
2902 -1171 -1782 -113 18 45 -3 4 4
-1268 1779 -372 1 -14 -57 6 -7 7
532 -2881 -402 121 30 18 -14 11 0
-1248 -3501 -3432 63 124 -9 0 5 17
-868 -531 -3632 44 49 43 0 -2 13
6474 -2376 -1510 15 -67 32 -14 9 1
-3136 -6375 -9105 85 -2 149 1 13 9
863 6614 1218 84 -37 -72 -7 -11 2
-966 197 7170 31 -150 -40 0 9 -12
-3446 -2655 6302 -33 38 -156 9 3 -3
4397 -3709 -1076 -62 56 -62 -5 4 6
-322 -1160 -2709 -31 16 88 6 6 8
2024 -2316 2510 -88 75 -39 -3 7 -12
-50 1118 1184 -56 -19 -24 7 -5 -5
-12607 -1099 3400 98 83 8 18 -3 -7
-783 -747 -6216 -24 -93 -71 3 7 16
-558 -2190 4022 61 -16 -43 -3 8 -9
-4358 -540 -6053 18 100 87 12 -6 12
2642 2960 -1303 -41 -1 53 -5 -9 0
-1408 1010 6972 -48 -40 -187 8 0 -7
-1433 -5540 -5403 135 66 74 -6 12 11
217 -4115 2747 -35 126 -70 2 3 -3
1792 5685 -2253 97 -71 91 -13 -12 0
-158 1210 172 71 121 111 -5 -13 -9
-858 -3615 -3303 -18 15 159 4 10 -2
-6083 -5215 -1353 61 14 55 14 15 0
1908 1058 -75 60 -95 57 -10 4 -4
907 4204 -4820 31 -81 -44 -5 -6 17
3637 -411 -2246 34 29 -35 -13 -1 9
1362 -4155 -283 54 11 -43 -8 11 4
4701 -9467 8834 -133 37 -37 0 13 -12
-5204 2713 -3871 6 31 2 8 -6 6
-2016 -470 -1992 -286 -72 -288 19 6 19
-2067 -2051 -1458 -296 -291 -207 20 22 10
-1027 -2595 -500 -147 -371 -71 8 27 7
-71 -3053 486 -10 -430 69 -1 33 -5
1668 359 -2327 238 50 -329 -15 -4 28
2009 537 -2278 284 76 -324 -14 -8 17
-773 2518 931 -112 357 135 5 -23 -5
411 802 2157 63 108 308 -5 -10 -21
-1874 107 2417 -266 18 347 12 -5 -26
2244 -2094 35 317 -298 9 -17 22 3
-1796 1907 1218 -255 270 175 20 -21 -10
-2128 1882 -1395 -311 268 -196 19 -16 11
1115 1844 -2272 159 260 -324 -4 -20 26
2896 560 152 414 77 25 -33 -8 1
2896 1485 547 413 210 80 -23 -14 -6
2936 -363 123 419 -49 19 -29 0 -2
1380 -388 -3156 197 -55 -448 -19 0 30
-240 -2621 -1687 -32 -368 -241 6 23 15
-2151 -239 1867 -310 -37 268 21 -4 -19
-2715 494 1671 -384 70 236 31 -3 -16
1594 442 2371 231 60 340 -13 -5 -25
-387 2027 1630 -55 284 232 -1 -21 -21
873 2025 1551 131 291 220 -8 -22 -16
-2969 370 26 -429 50 2 28 -5 -1
2798 897 -1992 400 125 -287 -33 -8 25
-1072 892 -2424 -153 127 -354 10 -5 23
1194 -2051 -1285 166 -290 -186 -13 25 16
-304 -2224 -1635 -39 -313 -229 7 22 16
498 1066 2607 74 151 370 -11 -12 -30
3622 401 268 514 57 32 -34 -4 -2
-1957 -506 -2453 -285 -66 -348 16 3 23
-1362 -501 -2102 -195 -65 -299 18 7 19
1933 1724 1334 279 246 189 -25 -21 -14
-2142 1260 -2152 -311 181 -314 22 -12 23
-347 -1371 -2579 -51 -196 -371 6 16 25
1083 2704 106 151 385 17 -12 -30 4
-2820 1697 811 -400 242 120 32 -16 -6
-1104 2720 -1534 -156 388 -219 11 -26 17
589 -751 2836 81 -108 406 -1 3 -27
-1067 -1168 2214 -152 -161 317 10 11 -22
-1207 -366 2703 -172 -52 381 17 3 -34
-1192 -3124 -321 -173 -452 -44 7 33 7
2232 -893 1778 319 -128 255 -22 9 -21
1871 -460 2230 269 -65 321 -17 4 -22
-2409 -753 795 -344 -106 113 20 4 -4
1280 386 -2672 181 53 -383 -8 -4 29
3029 1184 391 433 169 56 -25 -6 -2
1127 -737 2201 161 -105 311 -10 13 -20
-2639 -1118 -1104 -380 -159 -163 26 7 13
1096 258 3149 158 36 449 -7 1 -32
1163 2004 2321 166 283 330 -12 -25 -20
2115 -918 -1957 309 -131 -279 -20 13 18
-1432 1051 2016 -205 149 290 15 -10 -18
-1889 2232 -912 -271 317 -126 21 -19 3
-2217 1395 1388 -313 196 202 22 -17 -13
-1257 -704 -2330 -180 -100 -331 12 7 27
-1663 1076 -1905 -234 150 -270 16 -10 19
1327 1340 2125 189 195 302 -13 -11 -20
-1280 -739 -2082 -179 -107 -300 11 4 21
-1554 -998 2380 -222 -143 342 19 3 -27
679 -2132 2115 95 -305 299 -3 18 -22
-217 2813 -1020 -35 399 -142 3 -28 9
2867 -866 -1319 409 -125 -184 -28 5 10
-1320 1952 2228 -188 280 317 13 -20 -17
-1304 -1233 2264 -186 -174 319 17 12 -22
-2692 -721 -888 -382 -103 -129 20 3 9
-1976 -1554 -1752 -275 -218 -250 20 9 19
-1203 2819 -1294 -172 405 -185 11 -27 14
-2327 2241 449 -334 326 62 24 -24 -2
-2067 2050 1210 -295 297 169 20 -15 -7
1378 2394 527 190 344 70 -11 -22 -5
-1488 -2886 -992 -212 -413 -148 10 29 8
-1696 2898 -319 -245 413 -45 12 -28 2
3098 797 -510 440 113 -67 -32 -7 6
-2871 -578 -611 -410 -82 -88 24 5 5
1034 -1285 -2480 146 -185 -354 -10 15 22
879 1740 1198 122 246 168 -10 -16 -12
3168 1337 -308 448 191 -40 -31 -13 3
3035 -1149 893 434 -163 126 -27 9 -9
-947 -2705 656 -131 -387 93 8 25 -3
500 -2393 1363 77 -348 193 0 23 -8
-1882 1920 796 -268 272 115 19 -17 -3
-960 493 -2623 -139 68 -374 9 -8 21
1828 -2071 1203 259 -291 167 -18 21 -9
-1604 1283 -1649 -230 181 -239 18 -14 16
-1799 2321 -868 -252 330 -119 22 -21 8
-24 2346 -1669 -7 335 -243 4 -22 19
-876 -1276 2680 -123 -188 378 10 14 -26
-2889 1176 545 -415 168 80 32 -11 -7
-86 1176 2086 -12 168 300 -1 -7 -20
-402 -2477 807 -57 -353 119 4 27 -2
-1970 -1448 -1967 -278 -202 -283 19 12 24
631 -958 -2998 89 -136 -432 -8 10 33
-1785 1056 1545 -256 148 213 13 -15 -15
1676 1822 1043 241 263 147 -16 -17 -8
-56 2448 1580 -11 347 223 4 -24 -15
-2842 439 379 -406 66 54 31 -2 -4
-1293 1742 -1884 -183 246 -267 10 -13 18
-1336 2627 -1311 -197 379 -184 9 -23 12
-618 2160 -2253 -83 313 -321 9 -21 22
2734 -1738 -454 389 -247 -60 -27 17 8
-2927 -295 -97 -417 -40 -13 27 1 5
1538 -1987 -280 222 -283 -38 -13 18 5
-2076 1215 -363 -298 172 -53 18 -17 3
-2642 183 341 -377 19 50 23 1 -1
-31 2384 -1377 -5 337 -199 2 -26 11
771 690 -2686 116 98 -379 -15 -3 29
-68 -2134 -3000 -10 -301 -431 1 23 33
3022 1487 35 434 213 6 -31 -14 6
-402 -2383 -1800 -57 -340 -257 2 17 17
-1125 744 -2551 -156 106 -364 8 -3 25
705 2907 -863 100 411 -120 -4 -37 6
-303 -424 3358 -43 -57 481 9 0 -33
3065 -242 1553 438 -36 221 -28 -4 -15
211 3341 -1331 33 481 -190 1 -35 12
2309 1563 -21 333 218 -3 -21 -16 0
-1142 3233 737 -158 461 107 15 -32 -2
241 -3065 -706 32 -437 -101 -1 30 10
-1229 -1539 2489 -171 -212 353 14 15 -20
1664 132 -1899 236 19 -273 -18 1 15
-27 -599 2800 -2 -87 402 4 5 -30
-3022 842 -1427 -431 120 -204 26 -13 14
-2558 -862 -996 -362 -122 -135 28 11 7
1860 -1025 -2431 259 -143 -349 -21 13 24
2563 -1818 534 364 -258 82 -30 20 -8
614 -3055 -609 87 -431 -89 -6 27 2
-180 -3323 420 -22 -472 60 5 34 -2
1270 1194 -2769 182 168 -391 -14 -11 23
-89 -1147 -2030 -13 -165 -285 3 12 22
-159 -2746 874 -20 -391 128 3 27 -15
2942 694 778 423 104 112 -28 -5 -8
2937 775 238 418 118 30 -29 -7 1
-2889 -1216 -1522 -414 -176 -214 29 13 10
3108 -504 1282 440 -72 183 -37 6 -13
1404 -2482 -779 201 -356 -114 -15 21 11
-3135 1691 -457 -445 242 -63 33 -14 7
593 -560 -3030 85 -76 -433 -11 7 29
-1810 2667 339 -259 384 50 21 -28 -6
1361 2731 923 194 391 131 -13 -29 -11
-491 -1870 2097 -70 -259 295 4 12 -16
202 -3264 584 30 -464 83 -2 28 -4
-420 2323 -1657 -60 332 -233 5 -23 20
1630 -1018 1758 232 -143 246 -13 10 -17
1479 -2655 -951 213 -380 -135 -17 23 5
-1309 599 -2712 -191 85 -389 14 -3 26
-365 -1831 -3076 -52 -257 -439 1 18 28
-1572 -82 2148 -224 -6 308 11 1 -22
1951 839 -1829 275 120 -266 -16 -2 18
-462 -2306 1178 -67 -327 168 4 25 -9
-1355 -1176 2319 -189 -167 329 10 11 -23
-1609 846 1797 -226 121 262 23 -6 -17
-584 -214 2601 -80 -30 376 4 1 -26
-2998 -621 -215 -428 -88 -33 29 4 6
-2037 -2515 -628 -283 -362 -90 19 26 2
899 -825 3038 128 -123 434 -6 6 -32
1501 246 -2640 208 35 -377 -12 -8 23
-2606 -1301 775 -372 -185 112 22 12 -3
-1243 1236 2385 -182 172 337 11 -13 -21
759 735 -2578 111 105 -370 -4 -2 26
-2138 576 2315 -303 87 330 23 -6 -22
1450 -2184 -1592 206 -312 -226 -12 23 19
-1024 2357 1170 -146 332 164 10 -24 -11
1895 2547 -22 270 365 -8 -24 -25 0
2776 124 -668 395 18 -90 -24 2 9
-2599 104 474 -366 9 74 25 -6 -8
139 185 2854 20 28 406 -5 3 -30
2164 1455 -616 309 205 -89 -25 -15 3
1800 463 2549 256 66 367 -19 -4 -28
2538 -1430 344 361 -203 47 -28 15 -3
-9 2185 1710 -6 312 246 -4 -22 -15
-34 144 -3420 -4 13 -489 -3 -2 33
880 813 -2385 125 115 -339 -13 -7 18
1889 -2915 20 271 -421 0 -14 25 -2
1368 -1912 -679 198 -280 -95 -13 23 4
2464 756 -1235 351 108 -174 -18 -12 12
536 -896 2762 80 -124 398 -6 5 -29
-275 26 3405 -41 2 489 2 -3 -32
-691 2510 2012 -100 358 287 2 -24 -21
186 776 -2800 26 108 -398 -1 -9 31
48 -2765 51 6 -394 7 0 28 1
-1243 -2674 -621 -181 -387 -90 14 25 8
637 -2968 249 91 -432 37 -8 29 -2
-108 2644 -359 -15 377 -43 0 -25 1
311 2396 1647 46 341 238 0 -23 -19
2091 863 1991 300 123 281 -17 -8 -22
-1316 1419 1976 -183 204 279 13 -15 -21
57 -1973 2964 2 -281 424 -1 21 -29
-775 -2721 -1750 -109 -389 -247 13 28 19
731 1583 -2157 110 228 -314 -6 -15 22
-893 2775 -190 -126 396 -26 6 -27 2
367 -2679 -1080 51 -384 -154 -7 27 11
3177 -367 441 445 -51 64 -30 3 -5
-1647 -1342 2341 -240 -185 331 12 13 -23
986 -2763 1286 136 -391 185 -9 28 -9
-2802 -1225 252 -399 -180 31 26 13 1
175 2883 -1052 30 408 -150 -2 -31 13
-229 -2683 -1449 -28 -386 -211 7 28 14
2786 531 1110 398 77 157 -29 -8 -9
279 -2586 -2001 35 -371 -285 -2 27 20
2176 -126 1717 304 -19 245 -21 1 -24
2153 2118 998 304 302 142 -26 -24 -9
-744 2719 1245 -111 386 176 2 -28 -16
3101 -1190 -994 444 -167 -143 -34 12 7
-156 -2267 -2303 -21 -324 -334 5 19 22
1023 -1402 2182 143 -199 312 -8 20 -28
2486 -1200 -1942 359 -171 -278 -22 12 19
1355 1883 2115 197 269 305 -15 -18 -24
1830 788 2438 263 107 349 -13 -9 -17
-912 715 3178 -131 105 450 6 -9 -30
1612 -1972 -156 226 -283 -23 -20 13 4
893 -2183 2349 126 -319 334 -13 23 -24
1817 -2407 -431 256 -343 -63 -18 20 1
2372 1739 -527 336 250 -74 -23 -20 4
-2169 -888 1343 -305 -122 186 23 3 -15
1004 -2830 -740 139 -399 -107 -11 27 6
-305 -2955 521 -40 -419 74 3 29 -7
-509 1141 2439 -75 160 348 3 -11 -24
-2301 1385 -970 -327 199 -139 15 -17 11
-2030 1762 -1028 -292 253 -142 20 -21 11
-861 2917 38 -123 415 7 7 -29 3
-167 -2616 1713 -21 -374 241 2 18 -20
-1058 1016 -2844 -157 151 -402 10 -10 28
1515 795 -2400 214 120 -339 -14 -5 25
-1976 1929 1093 -285 274 156 23 -17 -10
-2791 376 -1195 -397 50 -169 27 1 14
-415 -2632 -1896 -61 -373 -274 5 29 19
731 2967 -1217 104 426 -175 -4 -29 12
-1052 -2543 -649 -154 -365 -94 8 23 0
-86 -1297 2692 -8 -183 387 1 12 -29
2334 -1447 1773 334 -210 250 -23 19 -22
-1461 1036 3091 -214 152 440 14 -7 -29
574 1634 -2195 82 232 -314 -4 -8 25
2758 -1277 -252 395 -186 -36 -30 16 -2
2285 -1449 1267 328 -207 185 -28 16 -12
-1991 -2098 -804 -284 -292 -118 17 16 8
1255 909 2080 180 129 296 -12 -13 -18
-1210 1924 -2166 -170 273 -309 10 -19 21
498 619 -2631 70 90 -374 -6 -6 29
1181 1790 -2398 170 253 -340 -10 -16 27
1096 -2878 -674 156 -411 -98 -14 29 9
-1718 2707 -58 -244 383 -7 17 -31 1
576 -3141 -439 83 -454 -62 0 28 7
1993 -1807 1900 284 -255 271 -18 18 -18
758 2506 -1611 105 354 -234 -6 -25 20
-2346 1520 -480 -335 217 -66 19 -12 4
-3102 541 88 -435 80 11 33 -7 1
1428 1818 -1579 205 256 -224 -12 -18 15
-2580 242 -393 -367 37 -61 23 2 4
2525 -866 -1209 360 -119 -172 -25 6 12
-1643 -1621 1822 -238 -235 263 13 16 -17
-1935 2048 802 -274 293 110 21 -20 -6
1482 2793 -375 213 399 -47 -17 -30 10
1252 2495 -610 176 357 -88 -12 -26 9
1009 250 -2787 143 35 -398 -10 -5 27
-878 2715 -1519 -125 385 -217 9 -24 16
-1311 2581 1146 -184 371 160 13 -24 -10
2640 410 -781 378 59 -114 -19 -6 14
-371 1354 -2693 -52 194 -384 6 -13 29
537 -2185 -2231 75 -312 -317 -3 28 25
-32 -2568 1670 -4 -370 242 3 25 -14
1565 1932 454 223 277 66 -15 -19 -3
-1345 2918 -69 -192 416 -11 10 -25 1
-2085 -271 -1874 -297 -38 -263 20 4 23
2111 -2280 -74 305 -322 -6 -22 24 -4
12 -488 3282 6 -69 462 -4 6 -35
-829 -937 2551 -116 -137 367 3 12 -23
1314 2115 -1539 187 298 -218 -13 -14 20
666 553 -3136 94 80 -448 -5 -5 28
373 2363 -928 52 335 -130 0 -20 8
-16 923 3038 0 125 435 0 -11 -30
-582 -2415 -1123 -84 -349 -157 5 20 18
1104 -320 2444 158 -44 354 -11 2 -23
-187 -1095 2647 -26 -156 376 -1 12 -21
-1421 -2357 200 -201 -333 33 15 21 2
1877 90 2147 273 12 309 -16 0 -21
-1880 419 -2597 -271 63 -374 18 -4 25
-1609 414 -2417 -229 59 -351 10 -1 24
-1480 2235 -210 -210 316 -30 12 -20 0
-1941 743 2365 -277 110 337 15 -7 -25
1495 -2896 1065 214 -412 152 -11 26 -10
-2038 541 1731 -286 80 245 15 -6 -13
1316 175 -2635 187 26 -378 -10 -1 27
1778 1932 -399 254 274 -57 -16 -20 3
-2497 84 472 -355 12 70 24 0 -6
566 -1984 -1067 77 -285 -155 -2 22 11
-1138 420 -3082 -157 62 -440 15 -1 34
789 -2022 2212 115 -290 317 -10 16 -25
354 -2402 -1538 50 -343 -214 -2 22 15
-1233 -3403 -289 -181 -482 -40 14 28 2
-2416 -1448 462 -346 -204 70 24 12 -3
676 -2408 -1515 88 -343 -221 -6 23 14
795 420 -2555 106 57 -366 -6 -5 24
951 -2678 -2019 133 -382 -289 -7 23 20
384 1486 2761 54 207 394 -4 -11 -26
-2164 1308 -2362 -308 186 -343 23 -12 23
1636 -2395 -677 233 -344 -102 -17 19 7
-836 2716 802 -116 390 114 5 -26 -8
-1017 2318 -1502 -148 331 -212 14 -22 14
-8 2290 -2327 -1 326 -336 0 -26 23
957 -475 -2503 135 -71 -363 -7 4 21
-1802 1695 -2518 -262 242 -356 17 -16 22
-1918 1084 978 -273 152 140 19 -8 -9
-2718 -511 267 -390 -70 38 22 0 -5
-931 741 -2861 -135 107 -409 4 -8 27
2919 720 -429 418 105 -59 -30 -11 4
-127 -208 -2528 -17 -29 -361 -2 2 24
2588 -1533 325 369 -224 46 -25 15 -5
2240 755 1445 321 110 206 -20 -8 -11
-1025 -2658 396 -144 -381 56 9 22 4
-1591 -1577 -2200 -227 -229 -312 17 13 22
2320 -2390 453 328 -346 65 -19 26 -3
-2665 277 577 -379 37 82 25 1 -5
-244 -314 2533 -36 -49 359 -2 4 -24
1363 1901 -1003 198 268 -143 -15 -20 10
-1982 -2008 -666 -279 -286 -93 15 21 6
404 1110 -2724 57 152 -390 -5 -11 25
1106 -29 2811 157 -5 397 -4 -1 -29
1279 -1327 -2438 176 -186 -347 -16 13 23
-2442 -1060 -1808 -348 -152 -261 25 9 17
-2764 706 766 -392 99 116 26 -4 -11
398 -961 -2682 51 -137 -388 -2 9 30
1783 -461 -1623 258 -68 -234 -19 5 13
164 -766 -3613 24 -107 -517 2 9 39
-2002 -2461 -920 -287 -349 -131 24 21 4
770 493 3153 112 71 450 -4 -1 -35
-864 477 -3078 -120 73 -439 7 -6 29
1315 2948 -955 185 418 -134 -12 -27 10
1168 2186 -1475 165 308 -215 -11 -16 14
1883 1702 1906 270 252 273 -20 -13 -18
-2462 -1690 -48 -353 -241 -8 24 15 2
-1016 1706 2368 -144 242 341 7 -21 -20
2752 1230 178 394 178 26 -23 -16 -1
-3139 492 -93 -446 70 -14 31 -6 0
-232 -669 3400 -35 -95 487 -1 3 -29
521 -4 2511 73 0 361 -8 3 -33
-1580 -2272 -2040 -224 -323 -292 15 20 20
2936 10 680 419 1 100 -33 1 -7
3134 29 491 450 8 66 -31 4 0
2028 -2215 730 286 -317 101 -17 17 -6
-942 2508 227 -132 360 34 6 -18 -2
-2074 -337 -2307 -292 -51 -325 17 9 25
3138 -829 906 448 -116 129 -27 8 -3
417 -1567 2520 60 -223 357 -7 8 -29
-591 2981 -253 -79 425 -35 9 -29 2
-428 2571 -2295 -65 372 -326 -1 -25 23
-1147 -2613 -1664 -163 -373 -239 10 32 17
-682 2368 720 -96 338 106 10 -27 -10
414 2028 -1676 65 286 -239 -6 -20 16
80 2771 -1315 8 395 -188 0 -25 13
-571 765 -2510 -80 110 -354 1 -10 31
1755 -2364 -196 251 -339 -30 -16 25 -1
-995 -2303 54 -141 -327 13 6 21 3
987 -1899 -2046 141 -272 -292 -9 18 25
-230 -841 -2371 -31 -118 -337 2 5 23
2201 -1834 1184 312 -262 169 -22 20 -7
2301 277 -1316 331 41 -186 -22 3 11
-2248 1705 39 -320 240 10 19 -15 1
-1825 2384 950 -264 341 136 20 -23 -4
2159 583 -2049 306 85 -291 -17 2 20
752 -306 -2743 110 -44 -391 -7 3 28
-1600 733 2474 -228 102 353 16 -4 -29
-1931 -2210 -1867 -276 -309 -267 18 24 14
-1295 -2031 1686 -184 -292 239 12 21 -15
478 -2672 -94 69 -381 -17 -2 23 0
1317 662 2146 184 91 301 -16 -4 -19
761 -2068 1675 109 -295 240 -5 20 -13
3126 878 1183 444 125 167 -29 -5 -8
1005 -2563 -549 146 -368 -80 -15 25 4
2042 -1193 -2128 290 -166 -300 -17 15 22
200 -1578 2895 26 -223 413 -4 11 -28
-986 2686 -304 -138 378 -38 9 -26 5
2871 -1251 358 411 -175 52 -28 17 0
1868 319 -2475 267 45 -348 -18 -3 22
2451 19 -1262 352 -1 -183 -25 0 12
1585 2301 -869 231 330 -120 -10 -23 7
2502 1759 -696 357 257 -102 -24 -19 6
2305 537 -2463 332 77 -348 -22 -8 18
-255 2470 -1500 -35 349 -217 6 -22 12
-236 2477 -1290 -37 350 -184 6 -24 15
2401 258 1682 343 36 238 -21 -2 -16
-674 2633 130 -96 377 22 7 -32 0
-682 -183 -2591 -95 -27 -365 6 6 22
-153 2400 -2116 -24 340 -304 2 -25 20
-1243 2187 1831 -177 311 261 13 -22 -18
1115 -2968 -411 164 -423 -63 -5 31 5
2669 -425 -1805 381 -55 -256 -26 4 19
-1819 -1005 -1806 -259 -146 -254 13 9 22
2727 -746 -1095 388 -107 -161 -21 7 10
2988 -1385 -756 431 -194 -105 -31 12 9
1892 -843 -2112 270 -120 -295 -18 8 18
981 -1233 2354 140 -176 335 -7 11 -21
-798 910 2557 -114 134 367 9 -9 -28
1357 3162 599 193 457 83 -12 -31 -6
2670 1729 -42 383 245 -2 -29 -17 2
-1459 -1028 2060 -208 -142 297 17 8 -17
-166 -236 2935 -20 -33 417 -2 0 -29
3032 -500 391 440 -72 55 -35 10 1
1867 1954 117 266 282 16 -11 -15 1
165 1444 2170 20 206 312 -2 -10 -19
-2105 -2100 395 -303 -300 51 23 21 -3
-975 2566 -2097 -141 364 -304 5 -26 20
2688 -678 -926 383 -97 -136 -28 6 9
-331 -3031 -174 -43 -435 -21 4 33 4
-1036 -2037 -1769 -149 -290 -254 8 27 17
443 -1213 -2648 60 -173 -386 -8 14 26
-2666 220 1758 -380 31 253 27 1 -16
1168 2827 1304 169 403 184 -11 -27 -11
1237 645 2828 176 89 403 -11 -3 -27
-194 -718 2500 -26 -97 355 2 2 -25
-1738 -1623 1459 -246 -231 207 20 18 -14
607 -1729 -2554 87 -244 -363 -5 17 21
-772 2981 -1709 -108 429 -248 6 -29 13
-929 -935 2559 -131 -133 366 8 9 -27
1889 -2222 2 273 -315 -4 -23 24 2
2252 -1177 -1148 317 -163 -169 -22 7 14
898 1129 1677 128 160 240 -8 -11 -18
585 1776 -1605 86 257 -232 -3 -11 11
1329 -702 2447 188 -99 350 -20 5 -24
-740 -1556 -2238 -104 -219 -317 9 19 22
1221 2376 -501 176 343 -70 -13 -23 2
-18 -582 -2939 -1 -83 -416 0 11 31
328 -1362 2407 47 -192 345 -1 11 -24
2254 -795 -2176 319 -115 -306 -17 7 20
1945 2178 374 273 308 54 -22 -23 -3
-1255 1542 -2209 -182 220 -315 11 -15 23
-1029 1657 2328 -148 234 331 16 -16 -27
299 2821 -1374 44 402 -193 -7 -25 13
-2317 106 -1824 -331 20 -262 23 -1 13
784 -2450 -1388 116 -346 -195 -11 26 14
2738 -544 -356 393 -77 -49 -26 10 -3
1355 1483 2334 195 211 331 -12 -19 -17
2570 -849 -414 369 -117 -60 -21 9 9
313 -1203 -2974 41 -173 -422 -4 16 26
133 -3658 193 22 -524 27 -4 42 2
1293 -1644 2714 179 -232 383 -12 15 -33
152 1845 1804 24 263 261 -1 -14 -18
1059 2077 -1799 154 296 -251 -7 -19 13
-2954 -985 167 -418 -140 23 29 7 -3

